{"rvec": [[[0.5062904687168183, 0.0003328461136800076, -0.8623629459224053], [-0.0006111286833640484, 0.9999998128915234, 2.7178143455506524e-05], [0.8623627936131273, 0.000513254696734522, 0.5062905773973867]], [[0.5569394931682992, -0.00035163783710776, -0.8305529948776714], [-0.0003092718407827211, 0.9999997532434242, -0.0006307646301037512], [0.8305530117339689, 0.0006081643869917941, 0.5569392469881361]], [[0.6063512188197572, 0.0009109788717417272, -0.7951964345702824], [-0.00024032996283437913, 0.9999995080657824, 0.0009623459367370837], [0.7951969200627623, -0.00039241010210047667, 0.6063511394703637]], [[0.6518660403955521, -0.0015042163212443116, -0.758332646476653], [-1.740769742336612e-05, 0.9999980027583724, -0.001998543529405233], [0.7583341381449193, 0.0013159834823276984, 0.6518647122766172]], [[0.6998141406113301, -0.0022854135025223155, -0.7143213180953992], [-0.0002456805931357886, 0.999994052688223, -0.0034400914565420287], [0.7143249318352762, 0.002582919531403438, 0.6998094171167049]], [[0.7361128009441839, -8.726452309854027e-05, -0.6768588750035058], [-0.0014254435106464403, 0.999997574270305, -0.0016791558308548852], [0.6768573796575661, 0.0022008721928695185, 0.7361108909428552]], [[0.777150038128785, -0.002747920898987788, -0.6293093572855565], [-0.00014083536950737496, 0.9999896822218091, -0.004540442194689047], [0.6293153409871923, 0.0036172338405918714, 0.7771416326626159]], [[0.8136575605198524, -0.0022147749982898146, -0.5813402351296438], [-0.000526556543865131, 0.9999895250044654, -0.004546715248255982], [0.5813442155445332, 0.004005577742294042, 0.8136478712562712]], [[0.8456801971928118, -0.001979733908981318, -0.5336863167906567], [-4.112702093955756e-05, 0.9999928749886725, -0.003774689451749877], [0.5336899871503079, 0.0032141290482233242, 0.8456740902912692]], [[0.8761204786290009, 0.0003608316876514417, -0.4820920832448747], [-0.0003013616619787496, 0.9999999344308981, 0.00020079678514360664], [0.48209212408837243, -3.0638104073693606e-05, 0.876120529923405]], [[0.9026095502540208, -0.00026644853935720025, -0.43046013612808637], [-0.0008911173573273312, 0.9999965090683675, -0.002487521041915289], [0.4304592962175288, 0.0026288507478317846, 0.9026061618688714]], [[0.9262919981344119, -0.0011778663297113685, 0.37680465339890407], [0.0017892653664808409, 0.9999975895162367, -0.0012725923013453121], [-0.3768022461737817, 0.0018529955818790951, 0.9262918728380198]], [[0.9998493424575932, -0.00030764522151249026, 0.017355049453571116], [-7.145520819092956e-05, 0.9997614988433815, 0.021838963450387248], [-0.01735762890695157, -0.02183691335449697, 0.9996108552501203]], [[0.9607486681030146, 0.004653541475344691, -0.27738122014660754], [0.0024233537530503613, 0.9996803749317265, 0.025164962407076965], [0.27740966835146735, -0.02484939693632962, 0.9604303115671796]], [[0.9799702541182452, 3.4013143987267694e-05, -0.1991439175233026], [-0.00033958179387838343, 0.9999988169566469, -0.001500256481886904], [0.19914363089897497, 0.0015378323745497862, 0.9799691063211945]], [[0.9933588967143527, 0.0025763684540423687, 0.115028103713973], [0.002534719339404981, 0.9990166082371053, -0.04426501625776037], [-0.11502902901578349, 0.04426261167191064, 0.9923755053867803]], [[0.9993265013942144, 0.0007201230986824125, -0.03668821382845027], [0.0007363539809088215, 0.9992125723580839, 0.03966979990314042], [0.036687891653979586, -0.039670097860518866, 0.9985390738182071]], [[0.998825373149669, -0.0018533775939588715, 0.048419406686978854], [-0.0018985418232609352, 0.9970039626686749, 0.07732718772789346], [-0.048417656814122786, -0.07732828340558039, 0.9958293363293612]], [[0.9961761105259302, -0.0030573512109210443, 0.08731442848122595], [-0.0030387626448617477, 0.997570366149541, 0.06959978808774746], [-0.08731507738654438, -0.06959897401430744, 0.9937464767621255]], [[0.9980864103974841, -0.0029970320536292783, 0.06176192337301813], [-0.0016686880317929864, 0.9971554570061626, 0.07535389865882201], [-0.061812076976247896, -0.07531276360419252, 0.9952423095800246]], [[0.9965422939174091, 0.0017170590574591, 0.08306929722840647], [0.0009159531706297297, 0.9994986541566013, -0.031648086339161066], [-0.08308199241482693, 0.031614744144702125, 0.9960411088348953]], [[0.9788331704230786, 0.0017981288534302253, -0.20465187810555582], [0.0015088443785668537, 0.9998708241521147, 0.016001824833826003], [0.20465421536862144, -0.015971904770491346, 0.9787040157217382]], [[0.9636209281309547, -0.004551358771790304, 0.26723396490971674], [-0.004764179954717174, 0.9994036398508788, 0.03420039827508335], [-0.2672302555052409, -0.034229370227126604, 0.9630245795183309]], [[0.9746323446047325, 0.002592577890039041, -0.22379694231639327], [0.002052360155270286, 0.9997873351904107, 0.020520044119135966], [0.2238025483949547, -0.020458810638507522, 0.9744197536991857]], [[0.9861551181702954, 0.00010128048118349196, -0.16582542823341245], [0.0003481106053675499, 0.9999963456323755, 0.0026809589516885285], [0.16582509377514887, -0.002701566982019779, 0.9861514791401494]], [[0.9021141161456339, 0.0009374295395130905, 0.43149651525434124], [-7.993036157138977e-05, 0.9999979859971762, -0.0020053959034528053], [-0.4314975261364991, 0.0017746062804843143, 0.9021123742143384]], [[0.8753405657362123, -0.0006983749307717946, 0.48350636629631216], [0.0008991505262600508, 0.9999995789412797, -0.00018342735443783992], [-0.4835060346106743, 0.0005953064079105286, 0.8753408251106205]], [[0.8454977468464111, 0.0032407177420166744, 0.5339691543770655], [0.0004064174179793101, 0.9999773883094851, -0.006712502858469654], [-0.5339788337589086, 0.0058924204075387066, 0.8454773116288907]], [[0.8122912670931262, 0.0032081539004014115, 0.5832431784022809], [-0.0007603662182050774, 0.9999898473486821, -0.004441513567958376], [-0.5832515059967336, 0.003164324274072594, 0.8122854595549711]], [[0.7742122512429029, 0.0029735564140509485, 0.6329190690662188], [0.0009620884932788343, 0.9999822795492721, -0.00587494452498215], [-0.6329253229340154, 0.0051573781801389496, 0.7741956710284419]], [[0.7356468877492888, 0.002878470625763796, 0.6773591152052519], [0.0005729923499263601, 0.999987968565025, -0.004871796892493393], [-0.6773649889273523, 0.003972043812874859, 0.7356363875199462]], [[0.7001031916897358, 0.0007763136615444588, 0.7140412581377518], [-0.0007144536524489875, 0.9999996700082077, -0.00038670331696727525], [-0.7140413227130649, -0.00023941715843001088, 0.7001035153015596]], [[0.6519701020043901, -0.0015402976884442698, 0.7582431098107099], [0.0007024698712664867, 0.9999987345503627, 0.0014273870367521747], [-0.7582443488931949, -0.0003979707322135373, 0.6519703589817799]], [[0.6090048430800402, 0.0008158225240716965, 0.7931660831998961], [0.0004965584880187446, 0.9999988829060326, -0.0014098284842007864], [-0.793166347328682, 0.0012524457258119848, 0.6090037576608051]], [[0.5568065437970308, -0.0018129635929963195, 0.8306402265408386], [0.00034669426405053994, 0.9999980382506035, 0.0019502046129428294], [-0.8306421326828375, -0.0007979084881982734, 0.5568060800262079]], [[0.5067133138991403, 0.0004424588675756014, 0.8621145061692806], [0.0002647355077189939, 0.9999997412940622, -0.0006688250289326162], [-0.8621145790627038, 0.0005671348683316813, 0.5067130656748238]], [[0.5092023005237312, -0.0026965950538495598, -0.860642635195617], [-0.0007998983685477135, 0.9999931767245613, -0.0036064756924143408], [0.860646487998377, 0.002524852359155866, 0.5091966690941963]], [[0.5593381819692758, -0.0022608737215392416, -0.8289364792559926], [-0.0009831260682063303, 0.9999937679426065, -0.0033908021297414646], [0.8289389794517081, 0.002711554160310825, 0.5593324734177307]], [[0.6060129586486609, 0.0008440412887988219, -0.7954543239835957], [-0.00020908654569004592, 0.9999995715298298, 0.0009017887631720887], [0.795454744302096, -0.00038017687959009117, 0.6060128754678628]], [[0.6553080070771681, -0.0024029985479580573, -0.755357955845127], [0.00017751839446061846, 0.999995402108143, -0.0030272511942747112], [0.7553617572711566, 0.001849692015477411, 0.6553054206182627]], [[0.699110713480281, -0.0030174503991748924, -0.7150070666015691], [-0.00012715269011653874, 0.9999905547288052, -0.00434445455372925], [0.7150134223420463, 0.0031281697947109777, 0.6991037265130617]], [[0.7382635632522113, -0.0024849593541744486, -0.6745077732325666], [-0.0014455997650782981, 0.9999850880856256, -0.0052662935450735774], [0.6745108015558138, 0.004862980916246651, 0.7382489620725121]], [[0.776909280925453, -0.0026560370632970065, -0.6296069525338903], [-0.00102016806138433, 0.9999844788593782, -0.005477344015479058], [0.6296117283445573, 0.004897704304647754, 0.7768945128030725]], [[0.813659832335565, -0.0003489181973016092, -0.5813411696239572], [-0.0006699428865386409, 0.999998593075315, -0.0015378634265894567], [0.5813408883092499, 0.0016407630790753955, 0.8136584538221983]], [[0.846109108778624, -0.00034756055535717367, -0.5330096202166544], [-0.00026430333371407766, 0.9999993908748479, -0.0010716313179358532], [0.5330096680038642, 0.001047593238882899, 0.8461085015308712]], [[0.8746315428750748, -0.0005432199703818835, -0.48478796305191996], [-7.401317133323704e-05, 0.9999992109259122, -0.0012540612439097016], [0.484788261749412, 0.0011327222151902294, 0.8746308125205553]], [[0.9012862370186596, -0.001179439170966412, -0.433222492356972], [8.18724241905544e-05, 0.9999967399315801, -0.0025521408890486035], [0.4332240901169403, 0.002264740482568972, 0.9012833953274052]], [[0.9268826218644538, -0.0009402754571055643, 0.3753501314342912], [0.001178177563382293, 0.9999992242154738, -0.0004043093863730422], [-0.37534946008127423, 0.0008169764473543303, 0.9268830106147056]], [[0.9999425353838178, -0.0012887777595356666, 0.01064260222260391], [0.0007761970693070334, 0.9988457117622703, 0.048027508911383854], [-0.010692214377370416, -0.04801648827236309, 0.9987893138223388]], [[0.9613771979236382, 0.004678317616969074, -0.2751944706144537], [0.0026021967633649834, 0.9996563459125318, 0.02608483561017525], [0.2752219320557492, -0.02579347632793788, 0.9610346428170115]], [[0.9841748777073893, -0.004264411283657565, -0.17714859549556075], [-0.002190482656530157, 0.9993412152122045, -0.03622619720485688], [0.17718637609979337, 0.03604095412995546, 0.983517177150468]], [[0.9918379925447213, 0.002820527765092895, 0.12747329590146939], [0.0005132969967406587, 0.9996588732958881, -0.02611270891710491], [-0.12750346297669865, 0.025965008452196833, 0.9914982023508802]], [[0.9996578968953332, 0.00040113936766301983, -0.02615202213993614], [0.00039459758172730175, 0.9995372759694261, 0.030415098888006597], [0.026152121664379243, -0.03041501331294195, 0.9991951728754623]], [[0.9985619908800388, -0.001946940432194122, 0.05357387229467737], [-0.00200784781527541, 0.9972809007967834, 0.07366663731368751], [-0.0535716241758975, -0.0736682721998363, 0.9958428926061818]], [[0.996010105051781, -0.0029041792062795557, 0.08919325298405695], [-0.00290037019733258, 0.9978888671092452, 0.06487986399604873], [-0.08919337692597244, -0.06487969360720786, 0.9938989721646643]], [[0.9978488644437856, -0.002131844977640629, 0.06552174421700556], [-0.0019877006118748652, 0.9980277046301147, 0.06274352426363641], [-0.06552627545134049, -0.06273879204874197, 0.9958765742790318]], [[0.9909843876443253, 0.0011429465886110268, 0.13397252374385582], [0.003105753117784771, 0.9994989284359828, -0.03149994210937794], [-0.13394139667322347, 0.031632036425408544, 0.99048428383736]], [[0.9800952610141036, 0.0017589794722746022, -0.1985199872277634], [0.0016709516935124458, 0.999852239882553, 0.0171086622001415], [0.1985207476767433, -0.017099836053504125, 0.9799475028534999]], [[0.9617723345138076, -0.0002847510021510846, 0.2738501332494241], [-0.00042687331724347577, 0.9999966856280712, 0.002538998235994907], [-0.27384994859052214, -0.002558837575567026, 0.961769025289976]], [[0.9781505888364829, 0.001175195657469725, -0.20789431082646007], [0.001063802898005145, 0.9999426385920369, 0.010657760036210988], [0.20789491066939642, -0.010646052825433686, 0.9780932305649609]], [[0.9910231388435903, 0.0013213868642347514, -0.13368392653327496], [0.0005390743871318809, 0.9999035268248108, 0.013879713329575771], [0.13368937009128354, -0.013827182650890703, 0.9909268193688849]], [[0.9029185358047889, -0.00013233987436908623, 0.42981170317511475], [0.0012631070679614276, 0.9999964514795419, -0.0023455466013668474], [-0.42980986757015033, 0.0026607357031410844, 0.9029154989393237]], [[0.8747050428763963, 0.0006705051146487784, 0.4846551747268294], [0.0007835145246438691, 0.9999957799045898, -0.0027975485698472336], [-0.4846550052063756, 0.0028267642105792856, 0.8747008261871632]], [[0.8468654431898569, 0.0001686783572916739, 0.5318071950232145], [0.00040293740712871173, 0.9999994591442837, -0.0009588287572988819], [-0.5318070691259128, 0.0010262839527480916, 0.846864917191021]], [[0.8109487080782257, 9.051642399878195e-05, 0.5851172401092231], [0.0018522697943638517, 0.9999945802516658, -0.002721867723256519], [-0.5851143152947688, 0.0032910901037505494, 0.8109441452794779]], [[0.7740680436639282, 0.0030337249697714175, 0.6330951431586777], [0.0017072784121441031, 0.9999748804763064, -0.006879216294084924], [-0.6331001097604724, 0.006405851169451429, 0.7740434200302155]], [[0.7351890559460597, 0.0028472330582238747, 0.6778561390745487], [0.0019679725404108117, 0.9999779992094022, -0.006334680831865596], [-0.6778592620162551, 0.005991190288546444, 0.735167277929115]], [[0.6963000211634006, 0.003231130187873299, 0.717743575607304], [0.00044650458337036625, 0.9999877236300257, -0.0049348984686864985], [-0.7177507096210396, 0.0037566457043790025, 0.696290030412289]], [[0.6526435805116142, -0.0008496751508244027, 0.757664592593001], [-0.0003570305775284499, 0.9999989152713313, 0.0014289805201566188], [-0.7576649849017354, -0.0012031243902226874, 0.6526425692104023]], [[0.6051912695954684, 0.0031280432987640383, 0.7960739554529754], [0.0002538102953377752, 0.9999914712577956, -0.004122255693560238], [-0.7960800605377318, 0.0026968049225270796, 0.6051853141455525]], [[0.5599665132027147, -0.0010343424758295916, 0.8285145950598798], [-0.000818047531146282, 0.9999980430208434, 0.0018013197162629981], [-0.8285148368555814, -0.0016864430396865138, 0.5599645712186113]], [[0.5066038264471485, -1.6175993345082622e-05, 0.8621789621461692], [0.0007146530849457735, 0.999999664171552, -0.00040115801322977165], [-0.8621786661128168, 0.0008193870395852426, 0.5066036678753948]], [[0.5090184392738195, -0.0003420478886119009, -0.8607555468787212], [-0.0005019381561381653, 0.9999996330664791, -0.0006942081780585817], [0.8607554684910994, 0.0007854108154125086, 0.5090180808110051]], [[0.5599268796038402, 0.0004101435203163091, -0.8285419248773108], [0.00019779816130226918, 0.9999997828124262, 0.0006286898982990156], [0.8285420027813883, -0.0005159044422956005, 0.5599266768690454]], [[0.6078657717387334, -0.001734037652355802, -0.7940379063129757], [-5.708339718793476e-05, 0.9999975174531948, -0.002227516314711203], [0.7940397976738692, 0.0013993573048908525, 0.6078641636987442]], [[0.6540313716804814, -0.00032571306025577784, -0.7564673547277173], [-0.00046202596097022486, 0.9999995487890416, -0.0008300323634214132], [0.7564672837537384, 0.0008923747616983446, 0.65403092608647]], [[0.6991331779568661, -0.00013501850648858782, -0.714991455368479], [-0.0012053974047187554, 0.9999983384775412, -0.0013675010981919792], [0.7149904520320739, 0.0018179142333357018, 0.6991318535804321]], [[0.7368701738428063, -0.0005816249862039442, -0.6760340291828867], [0.0001751605979907582, 0.9999997605942932, -0.0006694252169742712], [0.6760342566909148, 0.00037486495119281454, 0.7368700993096617]], [[0.7771049382587348, -0.002501870779865162, -0.6293660743768195], [0.0004456207404232859, 0.9999940354734413, -0.0034249729484566688], [0.6293708893458952, 0.0023811048155871622, 0.7771014180812014]], [[0.8136512451288974, 2.1849261351550645e-05, -0.5813532926051125], [-0.0010333917162196403, 0.999998473786105, -0.0014087324162785542], [0.5813523745558768, 0.0017469825613336213, 0.813650025901907]], [[0.846348472276786, -0.0011888077634903127, -0.5326282476651532], [0.0013617440865553165, 0.9999990705041316, -6.814627532333905e-05], [0.5326278336022189, -0.0006676278705790781, 0.8463493044513201]], [[0.8749274690617145, -0.0005994834818146555, -0.484253615888222], [0.00013446373099645914, 0.9999994959372218, -0.0009950099534356657], [0.48425396828603046, 0.000805446992309812, 0.8749271086521293]], [[0.9022612717549257, -0.0006215585266734214, -0.4311892985176952], [0.00010141266122115633, 0.9999992392786579, -0.0012292914944255738], [0.4311897345794033, 0.0010654140528651643, 0.9022606484194241]], [[0.9279023479571641, -9.275309626039646e-05, 0.3728233147919333], [0.0009120945741502452, 0.999997541244066, -0.002021284074281657], [-0.3728222106300397, 0.0022156043609528036, 0.9279001510713564]], [[0.9930883325214438, 5.257458812815783e-05, 0.11736933605372145], [7.3316453780038204e-06, 0.9999998699353185, -0.0005099760702893], [-0.11736934759989802, 0.000507311795619637, 0.993088202970268]], [[0.9619157400427728, 0.00450726468490964, -0.273308970988924], [0.003095864927390224, 0.9996202719835601, 0.02738115154382333], [0.2733286020128806, -0.027184488308125837, 0.9615365198041672]], [[0.9999910098997259, -0.0011700550306702924, -0.004075670613759195], [0.001191595482594992, 0.9999853152485036, 0.005286718032720329], [0.00406942501251913, -0.0052915270552869945, 0.9999777195125352]], [[0.9894816225398487, -6.07483426735278e-05, 0.14465861524827053], [0.00015737870388304875, 0.999999772089751, -0.0006565458011612349], [-0.14465854239502024, 0.0006724061899780337, 0.9894814065873415]], [[0.9999116025563295, 0.001191668207887013, -0.01324262059093544], [-0.0005744736650888232, 0.9989175147765662, 0.04651310194577192], [0.013283713834665188, -0.04650138276967646, 0.9988298976038246]], [[0.9988762434019132, -0.001297671905175657, -0.04737685526613532], [-0.001218116548148851, 0.9985919549716626, -0.053034174434491134], [0.047378967478797405, 0.05303228746244522, 0.9974681999578451]], [[0.9985029446099696, 0.0013641551434757093, 0.05468097188204389], [0.0014692591825377077, 0.9986593260856309, -0.05174351843127952], [-0.054678248716238845, 0.0517463960381606, 0.9971622734612391]], [[0.9939563699431514, -0.0011864497363653914, 0.10976942646500466], [9.037320613453081e-05, 0.9999500976303457, 0.009989698781491514], [-0.10977580098599417, -0.009919404522671642, 0.9939068763882253]], [[0.9930229177468926, -0.0006414352085220842, -0.11791977523011797], [7.01837618824197e-05, 0.9999882435102548, -0.004848496211742018], [0.11792149890366829, 0.004806391801442839, 0.993011288301479]], [[0.9999438840067739, -1.023821581855322e-05, 0.010593806333245342], [-0.0006402149440320956, 0.9981133935329286, 0.06139416727186653], [-0.010574448556440673, -0.061397504390320504, 0.9980573768538399]], [[0.9626187062700969, -3.8666500632660895e-05, 0.27086015735760394], [0.0008727129310192264, 0.9999952418993509, -0.0029588090170503435], [-0.27085875417092253, 0.0030845880699171832, 0.9626141597781609]], [[0.9890817107923208, 0.0005572794766024829, -0.1473670886450551], [0.00022896633085607077, 0.9999858316880551, 0.005318270166941234], [0.1473679644649878, -0.005293945856750002, 0.9890675695758667]], [[0.995063000853071, 0.0005477947275777263, -0.09924376178993852], [0.0007042526355587244, 0.9999206155345869, 0.012580407670625467], [0.09924277485795593, -0.012588190889490893, 0.9949836225228146]], [[0.9030014490631356, -0.0016671479788846755, 0.4296342672640229], [-0.0004918395505909001, 0.9999878048549703, 0.004914085387341838], [-0.4296372203193455, -0.004648737350519239, 0.9029896168601896]], [[0.8759684715262899, -0.0007032686357495432, 0.4823678495765667], [0.0005549641312991849, 0.9999997446903417, 0.00045014893621712817], [-0.4823680429990241, -0.00012661942101035994, 0.8759686381719463]], [[0.8448907451384594, 0.0002683572031369069, 0.5349388346005467], [-0.0009996051443296981, 0.999998920286546, 0.0010771329067540902], [-0.5349379679635153, -0.0014447872351690573, 0.8448901011497946]], [[0.8116241681594918, 0.00155348104261889, 0.5841778807487179], [0.0002846135844589981, 0.9999952939697948, -0.0030546740204139477], [-0.5841798769681482, 0.002645512221418428, 0.8116199064898333]], [[0.7739663967668832, -0.0006718038437763391, 0.6332263144842317], [0.0007466870881672749, 0.9999997102361114, 0.00014827705643777664], [-0.633226230611209, 0.0003580604538187884, 0.7739666741266263]], [[0.7363886659453617, -0.0018548359003611459, 0.6765562003640148], [-0.0019130754423223872, 0.9999865354131082, 0.00482380916297958], [-0.6765560381886796, -0.004846501446568868, 0.7363752023351725]], [[0.6963586324554414, 0.0002438914369175399, 0.7176939427929948], [0.000707689271437259, 0.9999992227594786, -0.0010264776343934636], [-0.7176936353212856, 0.0012227008652224425, 0.6963579186179416]], [[0.6536772768721313, -0.0015871801004382624, 0.7567717612070127], [-0.00022908764722912034, 0.9999973398367705, 0.002295177167968835], [-0.7567733909301285, -0.0016736722233613444, 0.6536751743805205]], [[0.605754643694015, 4.227843114269596e-05, 0.7956515002535165], [0.0010002003072610548, 0.9999991679956848, -0.0008146209446069082], [-0.7956508727089304, 0.001289271295072325, 0.6057540974166375]], [[0.5566223907989359, 0.0015664823051000434, 0.8307641423379232], [0.0011818997871023001, 0.9999957171199203, -0.0026774717008922564], [-0.8307647784867691, 0.0024722206624085558, 0.5566181554268834]], [[0.5057678075374957, 0.0004632281671862158, 0.8626695255301303], [0.0013708046970547644, 0.9999981617769788, -0.001340648032223352], [-0.8626685607770795, 0.0018606080535397695, 0.5057662428281207]], [[0.5079135152487323, 0.0018719567506751689, -0.8614060348091366], [-0.0007910736278245456, 0.9999982306976061, 0.0017066939307133961], [0.8614077055786018, -0.00018541731681587237, 0.5079140974517516]], [[0.555459589514998, 0.002736793017539138, -0.831539027574659], [-0.00029787738191108803, 0.9999951746386638, 0.0030922432717818775], [0.8315434779281813, -0.001469919509933651, 0.55545772445051]], [[0.6086192588555585, -0.00011542916155405421, -0.7934624026544791], [-0.000140225663151387, 0.9999999581552049, -0.00025303429026000306], [0.7934623986597433, 0.00026526533380100484, 0.60861921720188]], [[0.6548906233456802, -0.000635636431886466, -0.7557234066907235], [-0.0006385636885275492, 0.9999988238600253, -0.0013944586696466468], [0.7557234042229484, 0.0013957954334777173, 0.6548894472082948]], [[0.6994897623186507, -5.355632021267209e-05, -0.7146426166575277], [0.00036933518399598353, 0.9999998907366846, 0.000286562627157829], [0.7146425232260668, -0.00046439028627460327, 0.699489705670314]], [[0.7379051124257934, -0.00020401013782325728, -0.6749044402252369], [-0.001267502192004992, 0.9999977718761962, -0.0016880997706498692], [0.6749032808440554, 0.002101100308426739, 0.737903209698551]], [[0.7760346433624429, 0.00011417418500687254, -0.6306902720556109], [0.0016144286629851123, 0.9999963477574665, 0.0021675082053719836], [0.6306882160952565, -0.002700265909813482, 0.7760316247696347]], [[0.8140205908484383, -0.0006861533349490218, -0.580835610881738], [0.00023108186515698181, 0.9999996056752385, -0.0008574675151481776], [0.5808359701980691, 0.0005637756370020994, 0.8140204284175545]], [[0.8438685753527797, -0.0006924663061176062, -0.5365494832934649], [9.630694012274787e-07, 0.9999991691408083, -0.0012890759348541858], [0.5365499301380457, 0.0010872939382773686, 0.8438678748837106]], [[0.8742213210293351, 0.0005159387512421176, -0.485527358307366], [-0.0002191208493588781, 0.9999997528173871, 0.000668095215994191], [0.4855275829896564, -0.0004776739151605147, 0.8742212179899622]], [[0.9016935498159134, 0.000511050431948365, -0.43237539366600614], [0.0002868868658022772, 0.9999983742125504, 0.0017802438547286983], [0.4323756005099086, -0.0017292772224471523, 0.9016919372401996]], [[0.924695365429553, 0.0005086727242816641, -0.38070752869514557], [0.00024649647165045363, 0.9999980978264741, 0.0019348340815650972], [0.3807077887206866, -0.001882975170652515, 0.9246934811124774]], [[0.9432418195064565, -0.0001571692115222012, -0.33210667748780354], [-0.0003797887902765168, 0.9999987236577219, -0.0015519160421216937], [0.33210649751943105, 0.00158996250457797, 0.9432405559159392]], [[0.9997241669152674, -0.0017407731231697688, 0.023421353387627474], [1.6292476685449142e-06, 0.9972544862265986, 0.07405058877732472], [-0.023485955014008505, -0.0740301250158106, 0.9969794132815498]], [[0.9702424113551716, 0.001946553880675217, -0.2421278053749541], [0.0017113075115921528, 0.999887585069715, 0.014895927297521651], [0.24212958231968015, -0.01486701555262221, 0.9701300104698624]], [[0.9960087272733069, -0.004589256755970106, 0.08913783662303118], [-0.0029234793115029967, 0.9964640548662002, 0.08396928383835335], [-0.08920800672653564, -0.08389473214712899, 0.9924734784637018]], [[0.9903276384255371, 0.0017301437663899966, -0.13873779287939492], [0.0026311793447434118, 0.9995082564348958, 0.031246155183169436], [0.1387236298031235, -0.0313089750873856, 0.989836098863455]], [[0.9943902138583322, 0.0013136046709571747, -0.10576567035455807], [0.00219636417170474, 0.9994508574811783, 0.03306296212626472], [0.10575102158941944, -0.033109785908489404, 0.9938412667573672]], [[0.9976918426331851, 0.0007235144104166397, -0.06790039521311358], [0.0016206613823779997, 0.999404684192272, 0.03446230797885274], [0.06788490701093113, -0.034492807097184004, 0.9970967283361598]], [[0.9997238354501882, 1.1635549841543247e-05, -0.02350005739096794], [0.0009010406184657149, 0.9992455715436652, 0.038826226653866064], [0.02348278004344209, -0.03883667873270684, 0.9989696048561456]], [[0.9882918993811544, 0.00274160536153073, -0.15255033666836795], [0.0023279399152045244, 0.9994512059362017, 0.033043420652580285], [0.15255720996839833, -0.033011672976597184, 0.9877431483609209]], [[0.984690844997909, -0.0028391854240061853, -0.17428677173965768], [-0.0012405910636869022, 0.9997278647790232, -0.02329500629294328], [0.174305481012836, 0.023154598042369003, 0.9844193536691465]], [[0.9952316124806667, 0.0009235930129829813, -0.09753555503034358], [0.00035287500708756914, 0.9999145327947562, 0.013069146302399184], [0.09753928951125379, -0.013041245407955114, 0.9951462269032875]], [[0.9917582402980369, -0.00038801975769799015, 0.12812276238673787], [-0.0009093954895157728, 0.9999489059919487, 0.010067691162768903], [-0.12812012254437044, -0.010101229933670585, 0.9917072145311048]], [[0.929584680931037, -2.792719564925772e-05, 0.3686086274063771], [0.0010027966195565452, 0.9999964881874082, -0.0024531636289079188], [-0.3686072644119774, 0.0026500628147524755, 0.9295814444091473]], [[0.9015021944550404, 0.00032621572161389834, 0.4327744065631077], [0.003348773907246305, 0.9999645196171374, -0.007729503230186345], [-0.43276157304694374, 0.008417427764482843, 0.9014691163893329]], [[0.8738436062374382, -0.0001966465903134873, 0.48620706820043974], [0.0033346088954069875, 0.9999788229676436, -0.005588738655505097], [-0.48619567277122405, 0.006504993955676108, 0.8738257565625847]], [[0.8452159559707024, -0.002604360613002843, 0.5344185673031294], [-0.002336150925890179, 0.9999605665260932, 0.008567834712856263], [-0.5344198070537651, -0.008490153038243853, 0.8451765419898992]], [[0.8132581576898743, -0.0029194414523344148, 0.5818957344855501], [-0.00017310535564477036, 0.9999861564648889, 0.0052589840382100935], [-0.5819030322875172, -0.004377640938301494, 0.8132463939510632]], [[0.7772284306593785, 0.0009649774063193728, 0.6292177964690481], [0.00214983663933066, 0.9999889145966165, -0.004189139088735672], [-0.6292148637605307, 0.004608633472719947, 0.7772177402249196]], [[0.737130494520635, -0.0005550549587279296, 0.6757501949402287], [-0.00019118954254609966, 0.9999994513286167, 0.001029946127194157], [-0.6757503958521394, -0.0008884010687143229, 0.7371299839575229]], [[0.6958875584255458, -0.0004754226451982868, 0.7181505970211546], [-0.000425361783251324, 0.9999993325971931, 0.0010741845845342413], [-0.718150628417107, -0.0010529855064218413, 0.6958868917616121]], [[0.6543323164954913, -0.0019523234251812849, 0.7562046072478583], [0.000276312453706129, 0.9999972178325048, 0.0023426435234608655], [-0.7562070769578079, -0.0013239186128967684, 0.6543310354846653]], [[0.6039641460561243, -0.001175980653511155, 0.7970106193446852], [0.0001825278147177256, 0.9999990893285113, 0.0013371707991894034], [-0.7970114660168277, -0.0006621266132077475, 0.6039638106923749]], [[0.5570901827229728, 0.0007615505246080997, 0.8304516532312298], [0.0006062193637784916, 0.9999989401580813, -0.0013236996631234628], [-0.8304517811479288, 0.001240855960070425, 0.5570891306287701]], [[0.5057125335523451, 0.0009539640757510433, 0.8627015262306023], [-0.0005510723921656486, 0.9999995418109011, -0.000782749772094129], [-0.8627018776653306, -7.956462340160883e-05, 0.5057128275436404]], [[0.5055945610088011, -8.55309317915054e-05, -0.8627711936329223], [0.0002497893799423556, 0.9999999676866095, 4.7244533857519955e-05], [0.8627711617129907, -0.00023939766084540848, 0.5055945660360448]], [[0.5564073560771696, 5.6904327578155556e-05, -0.8309096526488975], [0.00010962219594143341, 0.9999999839249039, 0.00014189138674548747], [0.8309096473661791, -0.00017003555210154397, 0.5564073408948905]], [[0.6050165705242208, -0.0014626617805378606, -0.7962115359699492], [-0.0001802970968907136, 0.9999980353567991, -0.0019740252020474455], [0.7962128590295858, 0.0013378725863174012, 0.6050151181688568]], [[0.6539459452253386, -0.0013549163211281634, -0.7565400616788917], [0.0003554117551198832, 0.9999988361259913, -0.0014837213848784062], [0.7565411914798974, 0.0007013903523455378, 0.6539456656678374]], [[0.6967758724936179, 0.0002442918043594894, -0.7172888705621134], [0.0004386785379974223, 0.9999996098586164, 0.0007667096935123643], [0.7172887780189358, -0.0008488840487063803, 0.6967754934869436]], [[0.7360691500715426, -0.0003515867945076412, -0.6769062584285078], [2.1331414131658955e-05, 0.9999998766619815, -0.0004962066033392991], [0.6769063493999201, 0.0003508030050530103, 0.7360690667860761]], [[0.7756102727318472, 0.0016584547826695994, -0.63120991307216], [0.0004372931763414467, 0.9999948965839894, 0.003164740219189937], [0.6312119403239358, -0.002730628812356889, 0.7756055892390032]], [[0.8103670342332477, -0.0017364285513165045, -0.5859200070350016], [0.0009679186455396338, 0.9999982114299413, -0.0016248908929483437], [0.5859217805829594, 0.0007496351142673163, 0.8103672655566053]], [[0.8453159766920815, 0.0010281179298372856, -0.534265704048683], [0.0002222747438181405, 0.9999973851250722, 0.002276035359161328], [0.5342666470434504, -0.0020427228251133633, 0.8453135377718785]], [[0.8752025907295875, 0.0004208631052988465, -0.4837563932957012], [0.00020294799688738707, 0.999999214125033, 0.0012371586102149148], [0.48375653379807604, -0.0011809418118043646, 0.8752018175164561]], [[0.9011583154735002, 0.00212995088832324, -0.4334848945028837], [-0.002425615703535444, 0.999997049869495, -0.00012899908947953313], [0.4334833409041478, 0.0011677163695245907, 0.9011608233811869]], [[0.9267120256992203, 0.0009616138056680601, -0.37577106956674583], [-0.0008181638918871026, 0.9999995187921092, 0.0005413163540284893], [0.3757714092800214, -0.00019420205425055292, 0.9267123665157754]], [[0.9428386364567779, 0.0003973533243742944, -0.3332493776658243], [-0.0006343107113433444, 0.9999996174722913, -0.0006022501083213739], [0.3332490108826207, 0.0007792083207375788, 0.9428385278403444]], [[0.9616202682179947, 0.0005256482790546024, -0.27438327836484044], [-0.0014369616711989996, 0.9999940993244767, -0.003120329691389908], [0.27438001912221366, 0.0033948505289911612, 0.9616153493452461]], [[0.9723124211455079, -0.005061055331222086, -0.23362992403606], [-0.0036900512871932967, 0.9993082735516743, -0.03700483661185723], [0.23365559956409934, 0.036842368682084965, 0.971621171374026]], [[0.9919700330818769, 0.0007586798431458708, 0.12647085779908585], [-0.0012714339976357403, 0.9999912967345772, 0.0039736520593601264], [-0.12646674235992106, -0.004102543113095235, 0.9919623643147327]], [[0.9935628216600421, -0.007120517850281227, -0.11305847000768687], [-0.004226422951261799, 0.9949977600068931, -0.0998077899279565], [0.11320360755723402, 0.09964314229694823, 0.9885626876578024]], [[0.9902161687959712, -0.007152766501859142, -0.13935844784726234], [-0.0063199505757853824, 0.9953617570813028, -0.09599495176696417], [0.1393986989887204, 0.09593649186515019, 0.9855781005323019]], [[0.9994128908234217, -0.0009565802050532368, 0.03424848332821921], [-0.00015828140513973743, 0.9994705957600596, 0.03253464550335115], [-0.03426147403380064, -0.032520965012484505, 0.9988836459927092]], [[0.9990346887693253, 0.0009819359639373637, 0.04391726809968134], [0.0039085877777253475, 0.9937978490325714, -0.11113306528580512], [-0.04375401212643679, 0.11119744178711097, 0.9928346868249727]], [[0.9994937364127244, 4.9422716044227304e-05, 0.031816166160086166], [0.0008751117049503295, 0.9995777493444019, -0.029044056105934947], [-0.03180416719920414, 0.029057194857315054, 0.9990716562768603]], [[0.9780147202383698, -0.0010978566273528445, 0.208532975109187], [-0.0009567109436025567, 0.9999519966328739, 0.009751365755606718], [-0.20853367042574547, -0.009736485030800657, 0.9779667219072495]], [[0.9679970107804001, 0.0010125184923096553, -0.2509596818744274], [0.0019185768374717638, 0.9999327820743653, 0.01143461393921443], [0.2509543906432597, -0.011550157545371031, 0.9679300014347874]], [[0.9539202456632454, -0.0009855868018786296, 0.30005865015431266], [0.0008867942448948507, 0.999999498486826, 0.0004654267543335814], [-0.30005895838941293, -0.00017788971974437573, 0.9539206412723796]], [[0.9266663468354415, -0.0012570073431602685, 0.3758828295828329], [0.002569828930929538, 0.9999922240365916, -0.002991294973349056], [-0.375876146651957, 0.0037378869553622088, 0.926662371405673]], [[0.9041579594339968, -0.0016871828718157955, 0.42719496463103157], [-0.0021425875081174106, 0.9999617141282923, 0.008484078994066035], [-0.4271929232921835, -0.008586250145700663, 0.9041197280214132]], [[0.8766399518870441, -0.0018133357896392699, 0.4811435405040745], [-0.0003188158694804599, 0.9999904894120214, 0.004349648485438093], [-0.48114685191937323, -0.003966471835210705, 0.8766310364054294]], [[0.8465745226006246, -0.002440963861189027, 0.532264614058602], [-9.08100268722789e-05, 0.9999888075656757, 0.0047303802084632], [-0.5322702034090047, -0.004052954330605041, 0.8465648257068863]], [[0.8128099505183428, -0.0003512205643505517, 0.5825288499143071], [2.9690893938116858e-05, 0.9999998419204923, 0.0005614957179291887], [-0.5825289550372762, -0.0004390935044075728, 0.8128098324577979]], [[0.7783273167673979, -0.00028448008884830733, 0.6278586680493801], [-0.0002439268055925009, 0.9999996848745167, 0.0007554803643302215], [-0.627858685114235, -0.0007411625641004366, 0.7783270021043067]], [[0.7383124580034507, 0.001626624958422418, 0.6744568692274902], [0.0001913755473674783, 0.9999965462284074, -0.0026212414342148957], [-0.6744588035842538, 0.0020643697588398346, 0.7383095967446148]], [[0.699112269072245, -0.000616677196752291, 0.7150116467176547], [0.00038809424003438675, 0.9999998080435288, 0.0004830070044288089], [-0.7150118073259476, -6.0184221195386245e-05, 0.6991123742019887]], [[0.6545974536070758, 0.002244640439386325, 0.7559742954098572], [0.00015044879155812207, 0.9999951853409964, -0.0030994612413242687], [-0.7559776128274521, 0.0021426348553181263, 0.6545939642401108]], [[0.606872010391271, -0.00014354807608943365, 0.7947995611458317], [-0.0002663582776129547, 0.9999998908032601, 0.0003839879370262578], [-0.7947995294770404, -0.0004447329734633687, 0.6068719058876078]], [[0.5594565622914445, 0.00022979018167281623, 0.8288596395684322], [0.0003501956036569692, 0.9999998067846487, -0.0005136085116256667], [-0.8288595974422194, 0.0005776046541032809, 0.5594563737243372]], [[0.5076953642117688, 8.540486623880017e-05, 0.8615366561347744], [0.0006236718122451523, 0.9999996966333857, -0.00046665469812967727], [-0.861536434627898, 0.0007742345545752316, 0.5076951569293372]], [[0.5057166515878596, 0.000569630808712307, -0.8626994516211923], [0.0002106520311472293, 0.9999996706624543, 0.0007837733751688663], [0.8626996139633343, -0.0005780966386477182, 0.5057163650424916]], [[0.5555923566127208, -0.0013275031605416432, -0.831453769616136], [-0.00026461240662001284, 0.9999983924776497, -0.0017734210981018878], [0.8314547872577307, 0.0012053121901324237, 0.5555911122117831]], [[0.6045810355520166, -0.0011985756916406687, -0.7965427388829566], [-0.0005546401751260754, 0.9999979920348763, -0.0019256948077011557], [0.7965434475439033, 0.0016060331651864823, 0.6045791567961515]], [[0.6534955451284998, -0.0027949543280667566, -0.7569252015407523], [-0.00038374763569787307, 0.9999918308882234, -0.004023791069388361], [0.7569302644464393, 0.002919997794864515, 0.6534891340932314]], [[0.6968963953910745, -0.0041490042685276415, -0.7171598147236832], [0.000334383186560513, 0.9999850365134034, -0.005460305593214608], [0.7171717383436218, 0.0035654611015245286, 0.6968873547484711]], [[0.7380395395085952, -0.0021469417034116756, -0.6747540505719569], [-0.0007600120041236225, 0.9999916587462658, -0.004013081066316435], [0.6747570381283136, 0.003474633680460526, 0.7380317516320638]], [[0.7764452789245128, -0.002759204948507732, -0.6301786378669851], [-0.0011265667627912146, 0.9999827394742844, -0.005766420105641899], [0.6301836713872915, 0.0051872479753630185, 0.7764287686422217]], [[0.8130565868659654, -0.002587921164127871, -0.5821789151265407], [-0.0008861735943993532, 0.9999834602860169, -0.00568276787895368], [0.582183992609062, 0.005136323437414825, 0.8130408457951656]], [[0.8458266593054006, -0.0028356736720299147, -0.533450298868687], [-0.0003702425726599956, 0.9999825105060074, -0.005902677573853851], [0.53345770716028, 0.00519014806428908, 0.8458108163380081]], [[0.8762031439106632, -0.002541347117598791, -0.4819352572243467], [-8.090890137679718e-05, 0.9999853071445015, -0.005420235130241698], [0.48194195091817754, 0.004788219914049541, 0.8761900643668791]], [[0.9032654054564069, -0.0025134800418906145, -0.42907492320543705], [0.00032085954724797583, 0.9999865199564695, -0.005182369583425566], [0.4290821650393123, 0.004543382377402594, 0.9032540358734906]], [[0.9283630875703905, -0.001175358892494316, -0.3716727003268409], [0.0005207610750689318, 0.9999981316477755, -0.001861587725878275], [0.3716741939450122, 0.0015346766539835188, 0.9283619651423108]], [[0.9493972714716793, -0.0033984160169398536, -0.31405934421810267], [-0.002895060988650333, 0.999804286957515, -0.01957054938541149], [0.31406438757681654, 0.019489447143278424, 0.9492016234215197]], [[0.9710973660668658, -0.002339359790332479, -0.23867222924707218], [-0.00219761458845677, 0.9998219501982756, -0.018741355122784884], [0.2386735764765681, 0.01872419016911303, 0.9709193213621793]], [[0.9815939428590618, 0.00139156449060579, 0.19097485407945278], [0.0019002017861117215, 0.9998527910190007, -0.017052434567733574], [-0.19097047042821008, 0.017101457241511964, 0.9814467991616483]], [[0.9996949823583546, -0.002154652561685011, 0.024602839670809507], [0.0009956366234714423, 0.9988932425574414, 0.047024447692608995], [-0.02467693164157846, -0.046985608918256476, 0.998590707747342]], [[0.9845668184087625, 0.006396580019603415, -0.174892149202016], [0.003921965899727042, 0.9982744099262619, 0.05859027794656127], [0.17496513444663425, -0.058371964592831185, 0.9828427725112723]], [[0.9999556541770689, -0.00017595123870181584, 0.009415875980036743], [-0.00016228825929257007, 0.9993550349570514, 0.03590943843213673], [-0.009416121379354101, -0.03590937408466098, 0.9993106891808058]], [[0.9996314815379846,